1 1.009928 0.237520 0.336392
1 8.841895 0.337350 0.345950
1 4.771406 0.759716 0.867724
1 1.109636 0.704679 0.251098
1 7.791772 0.789587 0.222104
1 5.222460 0.265629 0.814667
1 6.233334 0.166949 0.047135
1 9.241170 0.075183 0.528917
1 9.392348 0.526149 0.212249
1 1.057259 0.343917 0.062990
1 4.708349 0.681658 0.705746
1 8.890773 0.067369 0.525067
1 6.871736 0.263831 0.876427
1 7.497449 0.578839 0.726967
1 4.871235 0.233686 0.564792
1 5.605750 0.682673 0.856640
1 2.480463 0.546426 0.210844
1 4.292243 0.358572 0.909349
1 8.427836 0.869130 0.213064
1 8.685868 0.101045 0.891936
1 4.171468 0.296863 0.630569
1 8.890506 0.953570 0.788241
1 2.952867 0.840071 0.229378
1 7.258457 0.601923 0.771663
1 8.999349 -0.116679 0.116189
2 1.009928 0.290741 0.396826
2 8.841895 0.804287 0.704701
2 4.771406 0.707309 0.018802
2 1.109636 0.547555 0.355564
2 7.791772 0.949722 0.253410
2 5.222460 0.309790 0.728165
2 6.233334 0.189343 0.083572
2 9.241170 -0.150891 -0.127260
2 9.392348 0.866887 0.221404
2 1.057259 0.344121 0.130193
2 4.708349 0.418994 0.529838
2 8.890773 0.630958 0.315488
2 6.871736 0.293743 0.890736
2 7.497449 0.608809 0.719935
2 4.871235 0.223780 0.628742
2 5.605750 0.667265 0.696195
2 2.480463 -0.674522 0.339552
2 4.292243 0.304450 0.794691
2 8.427836 0.602077 0.333916
2 8.685868 0.188387 0.835060
2 4.171468 0.265051 0.610688
2 8.890506 0.866832 0.786084
2 2.952867 0.976187 -0.070139
2 7.258457 0.718095 0.595284
2 8.999349 -0.585785 -0.016996
3 1.009928 0.405177 0.495688
3 8.841895 0.250318 0.081372
3 4.771406 0.593983 0.159589
3 1.109636 0.593637 0.393209
3 7.791772 0.136657 0.281175
3 5.222460 0.342004 0.760412
3 6.233334 0.224234 0.144558
3 9.241170 -0.602938 -0.362624
3 9.392348 0.532077 0.252008
3 1.057259 0.342776 0.229824
3 4.708349 0.099539 0.406892
3 8.890773 0.379628 0.008069
3 6.871736 0.323523 0.764444
3 7.497449 0.799616 0.794371
3 4.871235 0.334925 0.688344
3 5.605750 0.604118 0.497361
3 2.480463 -0.022482 0.557780
3 4.292243 0.195030 0.603659
3 8.427836 0.453489 0.348827
3 8.685868 0.360516 0.742641
3 4.171468 0.125143 0.647096
3 8.890506 0.709237 0.731203
3 2.952867 0.268235 -0.553150
3 7.258457 0.780046 0.324000
3 8.999349 -0.036528 -0.140041
4 1.009928 0.541484 0.601989
4 8.841895 0.672617 0.538445
4 4.771406 0.444442 0.370030
4 1.109636 0.774282 0.378678
4 7.791772 0.274032 0.296385
4 5.222460 -0.107665 0.513544
4 6.233334 0.313294 0.145836
4 9.241170 -0.046887 -0.589616
4 9.392348 0.207482 0.323504
4 1.057259 0.341714 0.336342
4 4.708349 -0.189384 0.278616
4 8.890773 0.806146 0.941089
4 6.871736 0.259976 0.241011
4 7.497449 0.025293 0.791693
4 4.871235 0.611694 0.925606
4 5.605750 0.469334 0.289062
4 2.480463 -0.334282 0.766558
4 4.292243 0.070841 0.396109
4 8.427836 0.628997 0.158658
4 8.685868 0.110951 0.923955
4 4.171468 -0.047652 0.730366
4 8.890506 0.512444 0.631120
4 2.952867 0.549407 -0.011323
4 7.258457 0.802033 0.095805
4 8.999349 -0.471542 -0.250446
5 1.009928 0.506088 0.864126
5 8.841895 0.065795 0.065092
5 4.771406 0.245064 0.581816
5 1.109636 0.901072 0.367758
5 7.791772 0.348271 0.246813
5 5.222460 -0.006576 -0.052036
5 6.233334 0.437101 0.143585
5 9.241170 -0.485523 -0.807980
5 9.392348 0.964657 0.353416
5 1.057259 0.283148 0.386934
5 4.708349 -0.437180 0.141278
5 8.890773 0.198964 0.898840
5 6.871736 0.147152 -0.469533
5 7.497449 0.205868 0.746253
5 4.871235 0.936627 0.344607
5 5.605750 0.285884 0.096306
5 2.480463 -0.601210 0.963394
5 4.292243 -0.019696 0.196025
5 8.427836 0.808121 -0.041854
5 8.685868 -0.619267 0.369991
5 4.171468 -0.127301 0.806588
5 8.890506 0.348318 0.497053
5 2.952867 0.828147 -0.431728
5 7.258457 0.771704 -0.116118
5 8.999349 -0.891063 -0.347266
6 1.009928 0.283654 0.281518
6 8.841895 0.434544 0.591666
6 4.771406 0.050449 0.738418
6 1.109636 0.214703 0.257693
6 7.791772 0.338974 0.116521
6 5.222460 -0.869598 -0.591704
6 6.233334 0.522123 0.221585
6 9.241170 -0.921945 -0.016565
6 9.392348 0.530059 0.242674
6 1.057259 0.184798 0.391803
6 4.708349 -0.664205 0.014714
6 8.890773 0.579167 0.820668
6 6.871736 0.063751 -0.024345
6 7.497449 0.386629 0.688431
6 4.871235 0.750981 0.925913
6 5.605750 0.077847 -0.047014
6 2.480463 -0.849693 0.150454
6 4.292243 -0.060071 -0.031771
6 8.427836 0.946093 -0.274227
6 8.685868 -0.348119 0.787826
6 4.171468 -0.155642 0.894760
6 8.890506 0.193358 0.322235
6 2.952867 0.100642 -0.813041
6 7.258457 0.738414 -0.255344
6 8.999349 -0.301057 -0.439731
7 1.009928 0.012407 0.693378
7 8.841895 0.788118 0.142273
7 4.771406 -0.123252 0.879090
7 1.109636 0.732300 0.132232
7 7.791772 0.332692 -0.011098
7 5.222460 -0.710885 -0.099565
7 6.233334 0.889272 0.181321
7 9.241170 -0.347951 -0.217591
7 9.392348 0.573642 -0.527531
7 1.057259 0.127815 0.306875
7 4.708349 -0.889734 -0.108010
7 8.890773 0.952812 0.704376
7 6.871736 0.181790 -0.897643
7 7.497449 0.590173 0.592281
7 4.871235 0.034586 0.670515
7 5.605750 -0.382100 0.249048
7 2.480463 -0.091603 0.317754
7 4.292243 -0.039810 -0.272037
7 8.427836 0.041510 -0.543237
7 8.685868 -0.060775 0.200275
7 4.171468 -0.174375 0.965365
7 8.890506 0.040475 0.136343
7 2.952867 0.368042 -0.178283
7 7.258457 0.730171 -0.328511
7 8.999349 -0.704223 -0.525171
8 1.009928 -0.131698 0.934699
8 8.841895 0.127369 0.720722
8 4.771406 -0.298570 0.022263
8 1.109636 0.380708 0.120210
8 7.791772 0.324103 -0.124870
8 5.222460 -0.547538 -0.605641
8 6.233334 0.522528 0.992855
8 9.241170 -0.760222 -0.412213
8 9.392348 0.383701 -0.862281
8 1.057259 0.079528 0.107554
8 4.708349 -0.103879 -0.231338
8 8.890773 0.313164 0.571057
8 6.871736 0.500570 -0.089074
8 7.497449 0.813248 0.452584
8 4.871235 0.266439 0.433952
8 5.605750 -0.090563 0.959474
8 2.480463 -0.317386 0.431590
8 4.292243 0.022536 -0.505421
8 8.427836 0.125003 -0.800779
8 8.685868 -0.738899 0.599658
8 4.171468 -0.178616 0.997431
8 8.890506 -0.118494 -0.042752
8 2.952867 0.630604 -0.524506
8 7.258457 0.715952 -0.396165
8 8.999349 -0.099809 -0.599276
9 1.009928 -0.022348 0.083382
9 8.841895 0.472630 0.297236
9 4.771406 -0.463825 0.167854
9 1.109636 0.165308 0.126215
9 7.791772 0.317531 -0.239243
9 5.222460 -0.380269 -0.107111
9 6.233334 0.108430 0.783561
9 9.241170 -0.160231 -0.604342
9 9.392348 0.184231 -0.180007
9 1.057259 0.014799 -0.116221
9 4.708349 -0.301150 -0.345792
9 8.890773 0.657249 0.423678
9 6.871736 0.803399 -0.275116
9 7.497449 0.029425 0.305741
9 4.871235 0.465954 0.247923
9 5.605750 -0.823517 0.654764
9 2.480463 -0.525154 0.505120
9 4.292243 0.072719 -0.744331
9 8.427836 0.211613 -0.042514
9 8.685868 -0.386985 0.986086
9 4.171468 -0.131591 0.977823
9 8.890506 -0.301786 -0.211824
9 2.952867 0.889953 -0.842397
9 7.258457 0.680958 -0.465346
9 8.999349 -0.478875 -0.659179
10 1.009928 0.185902 0.310868
10 8.841895 0.809396 0.767785
10 4.771406 -0.605012 0.301625
10 1.109636 0.948791 0.109718
10 7.791772 0.290856 -0.332412
10 5.222460 -0.187342 -0.623958
10 6.233334 0.687534 0.562268
10 9.241170 -0.553264 -0.788229
10 9.392348 -0.006697 -0.473126
10 1.057259 -0.032056 -0.347839
10 4.708349 -0.490514 -0.425252
10 8.890773 0.975962 0.256340
10 6.871736 0.079475 -0.467077
10 7.497449 0.243306 0.148902
10 4.871235 0.690166 0.255848
10 5.605750 -0.585582 0.337596
10 2.480463 -0.725004 0.573502
10 4.292243 0.104361 -0.980385
10 8.427836 0.295972 -0.300306
10 8.685868 -0.025406 0.365466
10 4.171468 -0.051659 0.926865
10 8.890506 -0.487718 -0.386992
10 2.952867 0.146140 -0.139879
10 7.258457 0.631750 -0.526348
10 8.999349 -0.836939 -0.702930
11 1.009928 0.401231 0.520340
11 8.841895 0.128118 0.130400
11 4.771406 -0.654825 0.575421
11 1.109636 0.730259 0.100027
11 7.791772 0.290019 -0.014088
11 5.222460 -0.965111 -0.150737
11 6.233334 0.266544 0.334472
11 9.241170 -0.945610 -0.954314
11 9.392348 -0.135619 -0.740174
11 1.057259 -0.039512 -0.616930
11 4.708349 -0.646637 -0.182161
11 8.890773 0.270934 0.076257
11 6.871736 0.286124 -0.656628
11 7.497449 0.458685 -0.019510
11 4.871235 0.935507 0.439406
11 5.605750 -0.406081 0.890745
11 2.480463 -0.915082 0.631004
11 4.292243 0.128053 -0.196420
11 8.427836 0.307865 -0.947576
11 8.685868 -0.654987 0.733629
11 4.171468 0.025892 0.864065
11 8.890506 -0.681362 -0.725971
11 2.952867 0.405507 -0.445740
11 7.258457 0.570144 -0.571970
11 8.999349 -0.174731 -0.736756
12 1.009928 0.606660 0.703198
12 8.841895 0.470472 0.470466
12 4.771406 -0.619129 0.010898
12 1.109636 0.495634 0.108882
12 7.791772 0.332666 0.750320
12 5.222460 -0.730387 -0.666444
12 6.233334 0.844262 0.086462
12 9.241170 -0.331027 -0.106556
12 9.392348 -0.505303 -0.967412
12 1.057259 -0.044086 -0.943202
12 4.708349 -0.773379 0.356842
12 8.890773 0.554184 0.853027
12 6.871736 0.433754 -0.837969
12 7.497449 0.642038 -0.186669
12 4.871235 0.176206 0.620953
12 5.605750 -0.293621 0.309403
12 2.480463 -0.087723 0.679793
12 4.292243 0.158365 -0.393364
12 8.427836 0.247784 -0.948877
12 8.685868 -0.277189 0.084592
12 4.171468 0.102774 0.790909
12 8.890506 -0.878115 -0.227487
12 2.952867 0.670095 -0.769759
12 7.258457 0.487122 -0.608379
12 8.999349 -0.194672 -0.790443
13 1.009928 0.788057 0.882747
13 8.841895 0.836299 0.801859
13 4.771406 -0.573295 0.460250
13 1.109636 0.248875 0.115370
13 7.791772 0.366417 0.560790
13 5.222460 -0.483809 -0.181601
13 6.233334 0.411462 0.817633
13 9.241170 -0.708637 -0.242724
13 9.392348 -0.157063 -0.157706
13 1.057259 -0.067213 -0.279435
13 4.708349 -0.892434 0.889211
13 8.890773 0.825383 0.577440
13 6.871736 0.573583 -0.010617
13 7.497449 0.792917 -0.348267
13 4.871235 0.419139 0.806747
13 5.605750 -0.182015 0.708915
13 2.480463 -0.239273 0.724357
13 4.292243 0.197744 -0.581213
13 8.427836 0.187956 -0.929974
13 8.685868 -0.899648 0.417601
13 4.171468 0.188204 0.699070
13 8.890506 -0.065145 -0.727525
13 2.952867 0.918112 -0.093218
13 7.258457 0.387700 -0.646097
13 8.999349 -0.907006 -0.865116
14 1.009928 0.971385 0.020454
14 8.841895 0.187411 0.131287
14 4.771406 -0.519184 0.905612
14 1.109636 0.003201 0.122010
14 7.791772 0.399244 0.372485
14 5.222460 -0.232863 -0.696365
14 6.233334 0.761297 0.414631
14 9.241170 -0.075870 -0.365341
14 9.392348 -0.804308 -0.344188
14 1.057259 -0.103821 -0.589892
14 4.708349 -0.002517 0.412074
14 8.890773 0.081265 0.299010
14 6.871736 0.705226 -0.177621
14 7.497449 0.935687 -0.504840
14 4.871235 0.655636 0.424498
14 5.605750 -0.099104 0.102094
14 2.480463 -0.301823 0.740814
14 4.292243 0.240581 -0.774411
14 8.427836 0.130042 -0.891494
14 8.685868 -0.520323 0.742925
14 4.171468 0.296092 0.590102
14 8.890506 -0.239160 -0.223174
14 2.952867 0.143483 -0.413625
14 7.258457 0.274812 -0.686102
14 8.999349 -0.615808 -0.935739
15 1.009928 0.165473 0.106130
15 8.841895 0.518797 0.464871
15 4.771406 -0.461310 0.328525
15 1.109636 0.751928 0.134042
15 7.791772 0.425437 0.189445
15 5.222460 -0.976813 -0.205079
15 6.233334 0.871354 -0.122427
15 9.241170 -0.436981 -0.480934
15 9.392348 -0.445335 -0.533191
15 1.057259 -0.152575 -0.879470
15 4.708349 -0.091784 0.904565
15 8.890773 0.330949 0.023362
15 6.871736 0.830965 -0.344185
15 7.497449 0.067971 -0.654141
15 4.871235 -0.105774 0.459667
15 5.605750 -0.031037 0.503408
15 2.480463 -0.292585 0.729070
15 4.292243 0.286650 -0.939420
15 8.427836 0.076131 -0.826008
15 8.685868 -0.129365 0.072718
15 4.171468 0.415334 0.461817
15 8.890506 -0.395102 -0.720042
15 2.952867 0.350636 -0.735536
15 7.258457 0.136004 -0.744021
15 8.999349 -0.317530 -0.998707
16 1.009928 0.362070 0.186966
16 8.841895 0.815177 0.799267
16 4.771406 -0.391996 0.727663
16 1.109636 0.484491 0.148140
16 7.791772 0.437153 0.997235
16 5.222460 -0.708209 -0.707820
16 6.233334 0.944068 -0.665828
16 9.241170 -0.820027 -0.764807
16 9.392348 -0.045469 -0.571211
16 1.057259 -0.202314 -0.154714
16 4.708349 -0.163072 0.362662
16 8.890773 0.581897 0.752814
16 6.871736 0.947305 -0.502569
16 7.497449 0.209125 -0.836059
16 4.871235 -0.817519 0.500911
16 5.605750 -0.973274 0.885475
16 2.480463 -0.283536 0.707243
16 4.292243 0.318709 -0.054899
16 8.427836 0.046899 -0.700197
16 8.685868 -0.728528 0.407776
16 4.171468 0.570461 0.308525
16 8.890506 -0.535204 -0.204978
16 2.952867 0.526903 -0.058513
16 7.258457 -0.061026 -0.831533
16 8.999349 -0.010569 -0.042977
17 1.009928 0.572593 0.259010
17 8.841895 0.074902 0.120758
17 4.771406 -0.305229 0.116782
17 1.109636 0.203213 0.159543
17 7.791772 0.444263 0.790530
17 5.222460 -0.454969 -0.222011
17 6.233334 0.005506 -0.199543
17 9.241170 -0.204183 -0.211704
17 9.392348 -0.600426 -0.474711
17 1.057259 -0.245710 -0.420034
17 4.708349 -0.234270 0.809769
17 8.890773 0.837326 0.494563
17 6.871736 0.054792 -0.663684
17 7.497449 0.350026 -0.042184
17 4.871235 -0.473977 0.536390
17 5.605750 -0.937954 0.241559
17 2.480463 -0.285996 0.677553
17 4.292243 0.334798 -0.152407
17 8.427836 0.023075 -0.527358
17 8.685868 -0.330028 0.752644
17 4.171468 0.757715 0.144164
17 8.890506 -0.667184 -0.673967
17 2.952867 0.673465 -0.380728
17 7.258457 -0.285831 -0.906578
17 8.999349 -0.698984 -0.075297
18 1.009928 0.784515 0.322045
18 8.841895 0.324351 0.431552
18 4.771406 -0.205142 0.491253
18 1.109636 0.894169 0.154932
18 7.791772 0.453089 0.570057
18 5.222460 -0.217454 -0.747438
18 6.233334 0.054210 -0.718196
18 9.241170 -0.565861 -0.648737
18 9.392348 -0.140502 -0.396316
18 1.057259 -0.278730 -0.671098
18 4.708349 -0.337499 0.224728
18 8.890773 0.090333 0.235168
18 6.871736 0.148557 -0.807569
18 7.497449 0.464334 -0.252220
18 4.871235 -0.100370 0.554446
18 5.605750 -0.891635 0.589455
18 2.480463 -0.333774 0.698558
18 4.292243 0.343693 -0.217831
18 8.427836 -0.015207 -0.358181
18 8.685868 -0.913558 0.095045
18 4.171468 0.933239 -0.020134
18 8.890506 -0.785540 -0.128945
18 2.952867 0.803795 -0.696491
18 7.258457 -0.496296 -0.950667
18 8.999349 -0.377957 -0.113089
19 1.009928 0.988422 0.377883
19 8.841895 0.575068 0.735986
19 4.771406 -0.086300 0.859326
19 1.109636 0.556423 0.127666
19 7.791772 0.447652 0.330721
19 5.222460 -0.974868 -0.261104
19 6.233334 0.100270 -0.240687
19 9.241170 -0.915339 -0.084287
19 9.392348 -0.654259 -0.312926
19 1.057259 -0.289703 -0.922809
19 4.708349 -0.468345 0.606226
19 8.890773 0.337389 0.973354
19 6.871736 0.214024 -0.903902
19 7.497449 0.547516 -0.473344
19 4.871235 -0.729950 0.558230
19 5.605750 -0.834059 0.928630
19 2.480463 -0.402035 0.760742
19 4.292243 0.362050 -0.258379
19 8.427836 -0.081852 -0.204620
19 8.685868 -0.464025 0.418980
19 4.171468 0.095089 -0.181095
19 8.890506 -0.889755 -0.564762
19 2.952867 0.921619 -0.004722
19 7.258457 -0.702096 -0.974042
19 8.999349 -0.043954 -0.156576
20 1.009928 0.180046 0.429416
20 8.841895 0.819789 0.039912
20 4.771406 0.047478 0.223893
20 1.109636 0.205395 0.098453
20 7.791772 0.427041 0.076312
20 5.222460 -0.719725 -0.753287
20 6.233334 0.124715 -0.698446
20 9.241170 -0.251913 -0.528182
20 9.392348 -0.149401 -0.221051
20 1.057259 -0.283380 -0.182528
20 4.708349 -0.594357 0.972838
20 8.890773 0.584004 0.705748
20 6.871736 0.259306 -0.974558
20 7.497449 0.604092 -0.684894
20 4.871235 -0.361451 0.543365
20 5.605750 -0.768364 0.257396
20 2.480463 -0.466775 0.798035
20 4.292243 0.385073 -0.304839
20 8.427836 -0.086659 -0.964845
20 8.685868 -0.005989 0.742288
20 4.171468 0.224688 -0.424954
20 8.890506 -0.983772 -0.988419
20 2.952867 0.028546 -0.309125
20 7.258457 -0.902705 -0.980215
20 8.999349 -0.756435 -0.297245
21 1.009928 0.363054 0.474581
21 8.841895 0.051746 0.341288
21 4.771406 0.183153 0.579789
21 1.109636 0.847553 0.072157
21 7.791772 0.400232 0.817841
21 5.222460 -0.451755 -0.238122
21 6.233334 0.118523 -0.084529
21 9.241170 -0.579360 -0.978118
21 9.392348 -0.645791 -0.133021
21 1.057259 -0.252178 -0.448618
21 4.708349 -0.715778 0.322426
21 8.890773 0.827319 0.427690
21 6.871736 0.297399 -0.031093
21 7.497449 0.646305 -0.888497
21 4.871235 -0.980370 0.524756
21 5.605750 -0.694155 0.578265
21 2.480463 -0.532674 0.818963
21 4.292243 0.389407 -0.352946
21 8.427836 0.000552 -0.622657
21 8.685868 -0.549162 0.066190
21 4.171468 0.325343 -0.750865
21 8.890506 -0.013575 -0.395284
21 2.952867 0.121890 -0.612595
21 7.258457 -0.163765 -0.981953
21 8.999349 -0.513803 -0.534736
22 1.009928 0.534736 0.514187
22 8.841895 0.278300 0.638976
22 4.771406 0.320587 0.924227
22 1.109636 0.484996 0.047037
22 7.791772 0.366907 0.549877
22 5.222460 -0.188734 -0.721342
22 6.233334 0.115329 -0.469634
22 9.241170 -0.897111 -0.417716
22 9.392348 -0.126962 -0.046832
22 1.057259 -0.190727 -0.724395
22 4.708349 -0.827988 0.663311
22 8.890773 0.062387 0.143913
22 6.871736 0.316815 -0.083818
22 7.497449 0.675554 -0.085079
22 4.871235 -0.587905 0.501557
22 5.605750 -0.614658 0.889238
22 2.480463 -0.597658 0.829533
22 4.292243 0.375283 -0.401267
22 8.427836 0.098568 -0.260978
22 8.685868 -0.093978 0.374867
22 4.171468 0.415821 -0.067833
22 8.890506 0.015762 -0.798723
22 2.952867 0.176273 -0.910604
22 7.258457 -0.486830 -0.976588
22 8.999349 -0.259859 -0.768559
23 1.009928 0.675461 0.553991
23 8.841895 0.521023 0.912293
23 4.771406 0.455364 0.248974
23 1.109636 0.101809 0.005846
23 7.791772 0.308059 0.289685
23 5.222460 -0.145647 -0.565460
23 6.233334 0.115365 -0.845583
23 9.241170 -0.204620 -0.850713
23 9.392348 -0.583311 -0.955510
23 1.057259 0.571989 0.420973
23 4.708349 -0.926332 0.000587
23 8.890773 0.289873 0.853367
23 6.871736 0.335322 -0.139954
23 7.497449 0.685554 -0.276871
23 4.871235 -0.183922 0.475850
23 5.605750 -0.524126 0.155378
23 2.480463 -0.682173 0.895092
23 4.292243 0.338947 -0.439223
23 8.427836 0.206444 -0.887382
23 8.685868 -0.633241 0.664945
23 4.171468 0.462605 -0.382837
23 8.890506 0.036877 -0.199524
23 2.952867 0.185146 -0.189118
23 7.258457 -0.802372 -0.953899
23 8.999349 -0.957400 -0.970768
24 1.009928 0.785210 0.591310
24 8.841895 0.769285 0.158012
24 4.771406 0.568904 0.562881
24 1.109636 0.708537 -0.067032
24 7.791772 0.234627 0.037507
24 5.222460 -0.314213 -0.776898
24 6.233334 0.145210 -0.222208
24 9.241170 -0.503881 -0.278103
24 9.392348 -0.032930 -0.859453
24 1.057259 0.021712 0.979788
24 4.708349 -0.011063 0.336587
24 8.890773 0.521118 0.554738
24 6.871736 0.356539 -0.200380
24 7.497449 0.670335 -0.467842
24 4.871235 -0.775569 0.448018
24 5.605750 -0.420379 0.383656
24 2.480463 -0.781756 0.013025
24 4.292243 0.295143 -0.457539
24 8.427836 0.283933 -0.494396
24 8.685868 -0.163218 0.945136
24 4.171468 0.458636 -0.699234
24 8.890506 0.061737 -0.591966
24 2.952867 0.174652 -0.452169
24 7.258457 -0.114892 -0.922518
24 8.999349 -0.591526 -0.143408
25 1.009928 0.872334 0.618957
25 8.841895 0.000864 0.395723
25 4.771406 0.475612 0.840702
25 1.109636 0.312564 -0.149148
25 7.791772 0.169617 0.768227
25 5.222460 -0.464205 -0.990213
25 6.233334 0.218483 -0.616884
25 9.241170 -0.803698 -0.685841
25 9.392348 -0.512127 -0.767623
25 1.057259 0.450537 0.525606
25 4.708349 -0.088909 0.666890
25 8.890773 0.857086 0.264349
25 6.871736 0.355904 -0.272756
25 7.497449 0.630761 -0.656243
25 4.871235 -0.359864 0.413101
25 5.605750 -0.311127 0.607416
25 2.480463 -0.865270 0.114915
25 4.292243 0.157827 -0.731205
25 8.427836 0.354091 -0.937485
25 8.685868 -0.687854 0.219440
25 4.171468 0.430012 -0.997949
25 8.890506 0.108664 -0.978484
25 2.952867 0.194523 -0.728305
25 7.258457 -0.397195 -0.853300
25 8.999349 -0.191301 -0.326087
